{
 "cells": [
  {
   "cell_type": "code",
   "execution_count": 35,
   "metadata": {},
   "outputs": [],
   "source": [
    "import os\n",
    "import numpy as np \n",
    "import pandas as pd \n",
    "import warnings\n",
    "import seaborn as sns\n",
    "import matplotlib.pyplot as plt\n",
    "import plotly.express as px\n",
    "warnings.filterwarnings(\"ignore\")\n",
    "pd.set_option(\"display.max_rows\",None)\n",
    "from sklearn import preprocessing\n",
    "import matplotlib \n",
    "matplotlib.style.use('ggplot')\n",
    "from sklearn.preprocessing import LabelEncoder"
   ]
  },
  {
   "cell_type": "code",
   "execution_count": 36,
   "metadata": {},
   "outputs": [
    {
     "data": {
      "text/html": [
       "<div>\n",
       "<style scoped>\n",
       "    .dataframe tbody tr th:only-of-type {\n",
       "        vertical-align: middle;\n",
       "    }\n",
       "\n",
       "    .dataframe tbody tr th {\n",
       "        vertical-align: top;\n",
       "    }\n",
       "\n",
       "    .dataframe thead th {\n",
       "        text-align: right;\n",
       "    }\n",
       "</style>\n",
       "<table border=\"1\" class=\"dataframe\">\n",
       "  <thead>\n",
       "    <tr style=\"text-align: right;\">\n",
       "      <th></th>\n",
       "      <th>Age</th>\n",
       "      <th>Sex</th>\n",
       "      <th>ChestPainType</th>\n",
       "      <th>RestingBP</th>\n",
       "      <th>Cholesterol</th>\n",
       "      <th>FastingBS</th>\n",
       "      <th>RestingECG</th>\n",
       "      <th>MaxHR</th>\n",
       "      <th>ExerciseAngina</th>\n",
       "      <th>Oldpeak</th>\n",
       "      <th>ST_Slope</th>\n",
       "      <th>HeartDisease</th>\n",
       "    </tr>\n",
       "  </thead>\n",
       "  <tbody>\n",
       "    <tr>\n",
       "      <th>0</th>\n",
       "      <td>40</td>\n",
       "      <td>M</td>\n",
       "      <td>ATA</td>\n",
       "      <td>140</td>\n",
       "      <td>289</td>\n",
       "      <td>0</td>\n",
       "      <td>Normal</td>\n",
       "      <td>172</td>\n",
       "      <td>N</td>\n",
       "      <td>0.0</td>\n",
       "      <td>Up</td>\n",
       "      <td>0</td>\n",
       "    </tr>\n",
       "    <tr>\n",
       "      <th>1</th>\n",
       "      <td>49</td>\n",
       "      <td>F</td>\n",
       "      <td>NAP</td>\n",
       "      <td>160</td>\n",
       "      <td>180</td>\n",
       "      <td>0</td>\n",
       "      <td>Normal</td>\n",
       "      <td>156</td>\n",
       "      <td>N</td>\n",
       "      <td>1.0</td>\n",
       "      <td>Flat</td>\n",
       "      <td>1</td>\n",
       "    </tr>\n",
       "    <tr>\n",
       "      <th>2</th>\n",
       "      <td>37</td>\n",
       "      <td>M</td>\n",
       "      <td>ATA</td>\n",
       "      <td>130</td>\n",
       "      <td>283</td>\n",
       "      <td>0</td>\n",
       "      <td>ST</td>\n",
       "      <td>98</td>\n",
       "      <td>N</td>\n",
       "      <td>0.0</td>\n",
       "      <td>Up</td>\n",
       "      <td>0</td>\n",
       "    </tr>\n",
       "    <tr>\n",
       "      <th>3</th>\n",
       "      <td>48</td>\n",
       "      <td>F</td>\n",
       "      <td>ASY</td>\n",
       "      <td>138</td>\n",
       "      <td>214</td>\n",
       "      <td>0</td>\n",
       "      <td>Normal</td>\n",
       "      <td>108</td>\n",
       "      <td>Y</td>\n",
       "      <td>1.5</td>\n",
       "      <td>Flat</td>\n",
       "      <td>1</td>\n",
       "    </tr>\n",
       "    <tr>\n",
       "      <th>4</th>\n",
       "      <td>54</td>\n",
       "      <td>M</td>\n",
       "      <td>NAP</td>\n",
       "      <td>150</td>\n",
       "      <td>195</td>\n",
       "      <td>0</td>\n",
       "      <td>Normal</td>\n",
       "      <td>122</td>\n",
       "      <td>N</td>\n",
       "      <td>0.0</td>\n",
       "      <td>Up</td>\n",
       "      <td>0</td>\n",
       "    </tr>\n",
       "  </tbody>\n",
       "</table>\n",
       "</div>"
      ],
      "text/plain": [
       "   Age Sex ChestPainType  RestingBP  Cholesterol  FastingBS RestingECG  MaxHR  \\\n",
       "0   40   M           ATA        140          289          0     Normal    172   \n",
       "1   49   F           NAP        160          180          0     Normal    156   \n",
       "2   37   M           ATA        130          283          0         ST     98   \n",
       "3   48   F           ASY        138          214          0     Normal    108   \n",
       "4   54   M           NAP        150          195          0     Normal    122   \n",
       "\n",
       "  ExerciseAngina  Oldpeak ST_Slope  HeartDisease  \n",
       "0              N      0.0       Up             0  \n",
       "1              N      1.0     Flat             1  \n",
       "2              N      0.0       Up             0  \n",
       "3              Y      1.5     Flat             1  \n",
       "4              N      0.0       Up             0  "
      ]
     },
     "execution_count": 36,
     "metadata": {},
     "output_type": "execute_result"
    }
   ],
   "source": [
    "heart_df = pd.read_csv('datasets/heart.csv', delimiter=',')\n",
    "heart_df.head()"
   ]
  },
  {
   "cell_type": "markdown",
   "metadata": {},
   "source": [
    "### **Attribute Information**\n",
    "\n",
    "\n",
    "**Age**: age of the patient [years]\n",
    "\n",
    "**Sex**: sex of the patient [M: Male, F: Female]\n",
    "\n",
    "**ChestPainType**: chest pain type [TA: Typical Angina, ATA: Atypical Angina, NAP: Non-Anginal Pain, ASY: Asymptomatic]\n",
    "\n",
    "**RestingBP**: resting blood pressure [mm Hg]\n",
    "\n",
    "**Cholesterol**: serum cholesterol [mm/dl]\n",
    "\n",
    "**FastingBS**: fasting blood sugar [1: if FastingBS > 120 mg/dl, 0: otherwise]\n",
    "\n",
    "**RestingECG**: resting electrocardiogram results [Normal: Normal, ST: having ST-T wave abnormality (T wave inversions and/or ST elevation or depression of > 0.05 mV), LVH: showing probable or definite left ventricular hypertrophy by Estes' criteria]\n",
    "\n",
    "**MaxHR**: maximum heart rate achieved [Numeric value between 60 and 202]\n",
    "\n",
    "**ExerciseAngina**: exercise-induced angina [Y: Yes, N: No]\n",
    "\n",
    "**Oldpeak**: oldpeak = ST [Numeric value measured in depression]\n",
    "\n",
    "**ST_Slope**: the slope of the peak exercise ST segment [Up: upsloping, Flat: flat, Down: downsloping]\n",
    "\n",
    "**HeartDisease**: output class [1: heart disease, 0: Normal]"
   ]
  },
  {
   "cell_type": "markdown",
   "metadata": {},
   "source": [
    "### Source\n",
    "\n",
    "This dataset was created by combining different datasets already available independently but not combined before. In this dataset, 5 heart datasets are combined over 11 common features which makes it the largest heart disease dataset available so far for research purposes. The five datasets used for its curation are:\n",
    "\n",
    "Cleveland: 303 observations\n",
    "Hungarian: 294 observations\n",
    "Switzerland: 123 observations\n",
    "Long Beach VA: 200 observations\n",
    "Stalog (Heart) Data Set: 270 observations\n",
    "Total: 1190 observations\n",
    "Duplicated: 272 observations\n",
    "\n",
    "Final dataset: 918 observations\n",
    "\n",
    "Every dataset used can be found under the Index of heart disease datasets from UCI Machine Learning Repository on the following link: https://archive.ics.uci.edu/ml/machine-learning-databases/heart-disease/"
   ]
  },
  {
   "cell_type": "markdown",
   "metadata": {},
   "source": [
    "### Citation\n",
    "fedesoriano. (September 2021). Heart Failure Prediction Dataset. Retrieved [Date Retrieved] from https://www.kaggle.com/fedesoriano/heart-failure-prediction."
   ]
  },
  {
   "cell_type": "markdown",
   "metadata": {},
   "source": [
    "## Basic data exploration\n",
    "\n",
    "1. Understanding the given dataset and helps clean up the given dataset.\n",
    "2. It gives you a clear picture of the features and the relationships between them.\n",
    "3. Providing guidelines for essential variables and leaving behind/removing non-essential variables.\n",
    "4. Handling Missing values or human error.\n",
    "5. Identifying outliers.\n",
    "6. EDA process would be maximizing insights of a dataset.\n",
    "\n",
    "This process is time-consuming but very effective,"
   ]
  },
  {
   "cell_type": "code",
   "execution_count": 37,
   "metadata": {},
   "outputs": [
    {
     "data": {
      "text/plain": [
       "Age                 int64\n",
       "Sex                object\n",
       "ChestPainType      object\n",
       "RestingBP           int64\n",
       "Cholesterol         int64\n",
       "FastingBS           int64\n",
       "RestingECG         object\n",
       "MaxHR               int64\n",
       "ExerciseAngina     object\n",
       "Oldpeak           float64\n",
       "ST_Slope           object\n",
       "HeartDisease        int64\n",
       "dtype: object"
      ]
     },
     "execution_count": 37,
     "metadata": {},
     "output_type": "execute_result"
    }
   ],
   "source": [
    "heart_df.dtypes"
   ]
  },
  {
   "cell_type": "code",
   "execution_count": 38,
   "metadata": {},
   "outputs": [
    {
     "data": {
      "text/plain": [
       "Age                        int64\n",
       "Sex               string[python]\n",
       "ChestPainType     string[python]\n",
       "RestingBP                  int64\n",
       "Cholesterol                int64\n",
       "FastingBS                  int64\n",
       "RestingECG        string[python]\n",
       "MaxHR                      int64\n",
       "ExerciseAngina    string[python]\n",
       "Oldpeak                  float64\n",
       "ST_Slope          string[python]\n",
       "HeartDisease               int64\n",
       "dtype: object"
      ]
     },
     "execution_count": 38,
     "metadata": {},
     "output_type": "execute_result"
    }
   ],
   "source": [
    "## Convert objects to strings for easier analysis\n",
    "string_col = heart_df.select_dtypes(include=\"object\").columns\n",
    "\n",
    "heart_df[string_col]=heart_df[string_col].astype(\"string\")\n",
    "plot_df = heart_df.copy()\n",
    "heart_df.dtypes"
   ]
  },
  {
   "cell_type": "code",
   "execution_count": 39,
   "metadata": {},
   "outputs": [
    {
     "data": {
      "text/html": [
       "<div>\n",
       "<style scoped>\n",
       "    .dataframe tbody tr th:only-of-type {\n",
       "        vertical-align: middle;\n",
       "    }\n",
       "\n",
       "    .dataframe tbody tr th {\n",
       "        vertical-align: top;\n",
       "    }\n",
       "\n",
       "    .dataframe thead th {\n",
       "        text-align: right;\n",
       "    }\n",
       "</style>\n",
       "<table border=\"1\" class=\"dataframe\">\n",
       "  <thead>\n",
       "    <tr style=\"text-align: right;\">\n",
       "      <th></th>\n",
       "      <th>count</th>\n",
       "      <th>mean</th>\n",
       "      <th>std</th>\n",
       "      <th>min</th>\n",
       "      <th>25%</th>\n",
       "      <th>50%</th>\n",
       "      <th>75%</th>\n",
       "      <th>max</th>\n",
       "    </tr>\n",
       "  </thead>\n",
       "  <tbody>\n",
       "    <tr>\n",
       "      <th>Age</th>\n",
       "      <td>918.0</td>\n",
       "      <td>53.510893</td>\n",
       "      <td>9.432617</td>\n",
       "      <td>28.0</td>\n",
       "      <td>47.00</td>\n",
       "      <td>54.0</td>\n",
       "      <td>60.0</td>\n",
       "      <td>77.0</td>\n",
       "    </tr>\n",
       "    <tr>\n",
       "      <th>RestingBP</th>\n",
       "      <td>918.0</td>\n",
       "      <td>132.396514</td>\n",
       "      <td>18.514154</td>\n",
       "      <td>0.0</td>\n",
       "      <td>120.00</td>\n",
       "      <td>130.0</td>\n",
       "      <td>140.0</td>\n",
       "      <td>200.0</td>\n",
       "    </tr>\n",
       "    <tr>\n",
       "      <th>Cholesterol</th>\n",
       "      <td>918.0</td>\n",
       "      <td>198.799564</td>\n",
       "      <td>109.384145</td>\n",
       "      <td>0.0</td>\n",
       "      <td>173.25</td>\n",
       "      <td>223.0</td>\n",
       "      <td>267.0</td>\n",
       "      <td>603.0</td>\n",
       "    </tr>\n",
       "    <tr>\n",
       "      <th>FastingBS</th>\n",
       "      <td>918.0</td>\n",
       "      <td>0.233115</td>\n",
       "      <td>0.423046</td>\n",
       "      <td>0.0</td>\n",
       "      <td>0.00</td>\n",
       "      <td>0.0</td>\n",
       "      <td>0.0</td>\n",
       "      <td>1.0</td>\n",
       "    </tr>\n",
       "    <tr>\n",
       "      <th>MaxHR</th>\n",
       "      <td>918.0</td>\n",
       "      <td>136.809368</td>\n",
       "      <td>25.460334</td>\n",
       "      <td>60.0</td>\n",
       "      <td>120.00</td>\n",
       "      <td>138.0</td>\n",
       "      <td>156.0</td>\n",
       "      <td>202.0</td>\n",
       "    </tr>\n",
       "    <tr>\n",
       "      <th>Oldpeak</th>\n",
       "      <td>918.0</td>\n",
       "      <td>0.887364</td>\n",
       "      <td>1.066570</td>\n",
       "      <td>-2.6</td>\n",
       "      <td>0.00</td>\n",
       "      <td>0.6</td>\n",
       "      <td>1.5</td>\n",
       "      <td>6.2</td>\n",
       "    </tr>\n",
       "    <tr>\n",
       "      <th>HeartDisease</th>\n",
       "      <td>918.0</td>\n",
       "      <td>0.553377</td>\n",
       "      <td>0.497414</td>\n",
       "      <td>0.0</td>\n",
       "      <td>0.00</td>\n",
       "      <td>1.0</td>\n",
       "      <td>1.0</td>\n",
       "      <td>1.0</td>\n",
       "    </tr>\n",
       "  </tbody>\n",
       "</table>\n",
       "</div>"
      ],
      "text/plain": [
       "              count        mean         std   min     25%    50%    75%    max\n",
       "Age           918.0   53.510893    9.432617  28.0   47.00   54.0   60.0   77.0\n",
       "RestingBP     918.0  132.396514   18.514154   0.0  120.00  130.0  140.0  200.0\n",
       "Cholesterol   918.0  198.799564  109.384145   0.0  173.25  223.0  267.0  603.0\n",
       "FastingBS     918.0    0.233115    0.423046   0.0    0.00    0.0    0.0    1.0\n",
       "MaxHR         918.0  136.809368   25.460334  60.0  120.00  138.0  156.0  202.0\n",
       "Oldpeak       918.0    0.887364    1.066570  -2.6    0.00    0.6    1.5    6.2\n",
       "HeartDisease  918.0    0.553377    0.497414   0.0    0.00    1.0    1.0    1.0"
      ]
     },
     "execution_count": 39,
     "metadata": {},
     "output_type": "execute_result"
    }
   ],
   "source": [
    "string_col=heart_df.select_dtypes(\"string\").columns.to_list()\n",
    "\n",
    "num_col=heart_df.columns.to_list()\n",
    "#print(num_col)\n",
    "for col in string_col:\n",
    "    num_col.remove(col)\n",
    "num_col.remove(\"HeartDisease\")\n",
    "\n",
    "heart_df.describe().T"
   ]
  },
  {
   "cell_type": "code",
   "execution_count": 40,
   "metadata": {},
   "outputs": [],
   "source": [
    "from sklearn.preprocessing import LabelEncoder\n",
    "\n",
    "# Initialize LabelEncoder\n",
    "label_encoders = {}\n",
    "\n",
    "# Convert string columns to integers\n",
    "for column in heart_df.columns:\n",
    "    if heart_df[column].dtype == 'string':  # Check if column is string\n",
    "        le = LabelEncoder()\n",
    "        heart_df[column] = le.fit_transform(heart_df[column])\n",
    "        label_encoders[column] = le  # Store the encoder for later use\n"
   ]
  },
  {
   "cell_type": "markdown",
   "metadata": {},
   "source": [
    "### Correlation Matrix\n",
    "\n",
    "Its necessary to remove correlated variables to improve your model. One can find correlations using pandas “.corr()” function and can visualize the correlation matrix using plotly express.\n",
    "\n",
    "Lighter shades represents positive correlation\n",
    "\n",
    "Darker shades represents negative correlation"
   ]
  },
  {
   "cell_type": "code",
   "execution_count": 41,
   "metadata": {},
   "outputs": [
    {
     "data": {
      "application/vnd.plotly.v1+json": {
       "config": {
        "plotlyServerURL": "https://plot.ly"
       },
       "data": [
        {
         "coloraxis": "coloraxis",
         "hovertemplate": "x: %{x}<br>y: %{y}<br>color: %{z}<extra></extra>",
         "name": "0",
         "type": "heatmap",
         "x": [
          "Age",
          "Sex",
          "ChestPainType",
          "RestingBP",
          "Cholesterol",
          "FastingBS",
          "RestingECG",
          "MaxHR",
          "ExerciseAngina",
          "Oldpeak",
          "ST_Slope",
          "HeartDisease"
         ],
         "xaxis": "x",
         "y": [
          "Age",
          "Sex",
          "ChestPainType",
          "RestingBP",
          "Cholesterol",
          "FastingBS",
          "RestingECG",
          "MaxHR",
          "ExerciseAngina",
          "Oldpeak",
          "ST_Slope",
          "HeartDisease"
         ],
         "yaxis": "y",
         "z": [
          [
           1,
           0.05575009917778419,
           -0.07715013150812602,
           0.2543993561515428,
           -0.09528177118121824,
           0.19803906586674339,
           -0.0074840330937069235,
           -0.3820446750319701,
           0.21579269076374744,
           0.25861153601875625,
           -0.26826399446947874,
           0.2820385058189965
          ],
          [
           0.05575009917778419,
           1,
           -0.12655876512305206,
           0.005132707622331885,
           -0.200092322516373,
           0.12007598768494247,
           0.07155218395400458,
           -0.18918576433547016,
           0.19066410220599359,
           0.10573353674000205,
           -0.15069254439645774,
           0.3054449159631405
          ],
          [
           -0.07715013150812602,
           -0.12655876512305206,
           1,
           -0.02064749713437654,
           0.06788040361143344,
           -0.07315098554914654,
           -0.07253685396491727,
           0.28912274282796213,
           -0.35472728776736495,
           -0.17737736843898633,
           0.21352120078092246,
           -0.38682769426256425
          ],
          [
           0.2543993561515428,
           0.005132707622331885,
           -0.02064749713437654,
           1,
           0.10089294207709161,
           0.07019333570992348,
           0.022655806323957476,
           -0.11213499711298032,
           0.1551010889340788,
           0.1648030431713879,
           -0.07516217427262276,
           0.10758898037140387
          ],
          [
           -0.09528177118121824,
           -0.200092322516373,
           0.06788040361143344,
           0.10089294207709161,
           1,
           -0.2609743277657631,
           -0.19654373003265732,
           0.23579240300238538,
           -0.03416586822679321,
           0.05014810914080391,
           0.11147053912137672,
           -0.23274063892701138
          ],
          [
           0.19803906586674339,
           0.12007598768494247,
           -0.07315098554914654,
           0.07019333570992348,
           -0.2609743277657631,
           1,
           0.08704956110109643,
           -0.13143849139344047,
           0.06045067478783045,
           0.052697860287321464,
           -0.1757743431170661,
           0.26729118611029784
          ],
          [
           -0.0074840330937069235,
           0.07155218395400458,
           -0.07253685396491727,
           0.022655806323957476,
           -0.19654373003265732,
           0.08704956110109643,
           1,
           -0.17927568568096744,
           0.0775003891945004,
           -0.020437521543189157,
           -0.006778212447727172,
           0.057384357013451306
          ],
          [
           -0.3820446750319701,
           -0.18918576433547016,
           0.28912274282796213,
           -0.11213499711298032,
           0.23579240300238538,
           -0.13143849139344047,
           -0.17927568568096744,
           1,
           -0.3704248672264948,
           -0.1606905500499244,
           0.3434194422450201,
           -0.4004207694631906
          ],
          [
           0.21579269076374744,
           0.19066410220599359,
           -0.35472728776736495,
           0.1551010889340788,
           -0.03416586822679321,
           0.06045067478783045,
           0.0775003891945004,
           -0.3704248672264948,
           1,
           0.40875249627301724,
           -0.4287059432893575,
           0.49428199182426835
          ],
          [
           0.25861153601875625,
           0.10573353674000205,
           -0.17737736843898633,
           0.1648030431713879,
           0.05014810914080391,
           0.052697860287321464,
           -0.020437521543189157,
           -0.1606905500499244,
           0.40875249627301724,
           1,
           -0.5019212695297877,
           0.4039507220628861
          ],
          [
           -0.26826399446947874,
           -0.15069254439645774,
           0.21352120078092246,
           -0.07516217427262276,
           0.11147053912137672,
           -0.1757743431170661,
           -0.006778212447727172,
           0.3434194422450201,
           -0.4287059432893575,
           -0.5019212695297877,
           1,
           -0.5587707148497058
          ],
          [
           0.2820385058189965,
           0.3054449159631405,
           -0.38682769426256425,
           0.10758898037140387,
           -0.23274063892701138,
           0.26729118611029784,
           0.057384357013451306,
           -0.4004207694631906,
           0.49428199182426835,
           0.4039507220628861,
           -0.5587707148497058,
           1
          ]
         ]
        }
       ],
       "layout": {
        "coloraxis": {
         "colorscale": [
          [
           0,
           "#0d0887"
          ],
          [
           0.1111111111111111,
           "#46039f"
          ],
          [
           0.2222222222222222,
           "#7201a8"
          ],
          [
           0.3333333333333333,
           "#9c179e"
          ],
          [
           0.4444444444444444,
           "#bd3786"
          ],
          [
           0.5555555555555556,
           "#d8576b"
          ],
          [
           0.6666666666666666,
           "#ed7953"
          ],
          [
           0.7777777777777778,
           "#fb9f3a"
          ],
          [
           0.8888888888888888,
           "#fdca26"
          ],
          [
           1,
           "#f0f921"
          ]
         ]
        },
        "template": {
         "data": {
          "bar": [
           {
            "error_x": {
             "color": "#2a3f5f"
            },
            "error_y": {
             "color": "#2a3f5f"
            },
            "marker": {
             "line": {
              "color": "#E5ECF6",
              "width": 0.5
             },
             "pattern": {
              "fillmode": "overlay",
              "size": 10,
              "solidity": 0.2
             }
            },
            "type": "bar"
           }
          ],
          "barpolar": [
           {
            "marker": {
             "line": {
              "color": "#E5ECF6",
              "width": 0.5
             },
             "pattern": {
              "fillmode": "overlay",
              "size": 10,
              "solidity": 0.2
             }
            },
            "type": "barpolar"
           }
          ],
          "carpet": [
           {
            "aaxis": {
             "endlinecolor": "#2a3f5f",
             "gridcolor": "white",
             "linecolor": "white",
             "minorgridcolor": "white",
             "startlinecolor": "#2a3f5f"
            },
            "baxis": {
             "endlinecolor": "#2a3f5f",
             "gridcolor": "white",
             "linecolor": "white",
             "minorgridcolor": "white",
             "startlinecolor": "#2a3f5f"
            },
            "type": "carpet"
           }
          ],
          "choropleth": [
           {
            "colorbar": {
             "outlinewidth": 0,
             "ticks": ""
            },
            "type": "choropleth"
           }
          ],
          "contour": [
           {
            "colorbar": {
             "outlinewidth": 0,
             "ticks": ""
            },
            "colorscale": [
             [
              0,
              "#0d0887"
             ],
             [
              0.1111111111111111,
              "#46039f"
             ],
             [
              0.2222222222222222,
              "#7201a8"
             ],
             [
              0.3333333333333333,
              "#9c179e"
             ],
             [
              0.4444444444444444,
              "#bd3786"
             ],
             [
              0.5555555555555556,
              "#d8576b"
             ],
             [
              0.6666666666666666,
              "#ed7953"
             ],
             [
              0.7777777777777778,
              "#fb9f3a"
             ],
             [
              0.8888888888888888,
              "#fdca26"
             ],
             [
              1,
              "#f0f921"
             ]
            ],
            "type": "contour"
           }
          ],
          "contourcarpet": [
           {
            "colorbar": {
             "outlinewidth": 0,
             "ticks": ""
            },
            "type": "contourcarpet"
           }
          ],
          "heatmap": [
           {
            "colorbar": {
             "outlinewidth": 0,
             "ticks": ""
            },
            "colorscale": [
             [
              0,
              "#0d0887"
             ],
             [
              0.1111111111111111,
              "#46039f"
             ],
             [
              0.2222222222222222,
              "#7201a8"
             ],
             [
              0.3333333333333333,
              "#9c179e"
             ],
             [
              0.4444444444444444,
              "#bd3786"
             ],
             [
              0.5555555555555556,
              "#d8576b"
             ],
             [
              0.6666666666666666,
              "#ed7953"
             ],
             [
              0.7777777777777778,
              "#fb9f3a"
             ],
             [
              0.8888888888888888,
              "#fdca26"
             ],
             [
              1,
              "#f0f921"
             ]
            ],
            "type": "heatmap"
           }
          ],
          "heatmapgl": [
           {
            "colorbar": {
             "outlinewidth": 0,
             "ticks": ""
            },
            "colorscale": [
             [
              0,
              "#0d0887"
             ],
             [
              0.1111111111111111,
              "#46039f"
             ],
             [
              0.2222222222222222,
              "#7201a8"
             ],
             [
              0.3333333333333333,
              "#9c179e"
             ],
             [
              0.4444444444444444,
              "#bd3786"
             ],
             [
              0.5555555555555556,
              "#d8576b"
             ],
             [
              0.6666666666666666,
              "#ed7953"
             ],
             [
              0.7777777777777778,
              "#fb9f3a"
             ],
             [
              0.8888888888888888,
              "#fdca26"
             ],
             [
              1,
              "#f0f921"
             ]
            ],
            "type": "heatmapgl"
           }
          ],
          "histogram": [
           {
            "marker": {
             "pattern": {
              "fillmode": "overlay",
              "size": 10,
              "solidity": 0.2
             }
            },
            "type": "histogram"
           }
          ],
          "histogram2d": [
           {
            "colorbar": {
             "outlinewidth": 0,
             "ticks": ""
            },
            "colorscale": [
             [
              0,
              "#0d0887"
             ],
             [
              0.1111111111111111,
              "#46039f"
             ],
             [
              0.2222222222222222,
              "#7201a8"
             ],
             [
              0.3333333333333333,
              "#9c179e"
             ],
             [
              0.4444444444444444,
              "#bd3786"
             ],
             [
              0.5555555555555556,
              "#d8576b"
             ],
             [
              0.6666666666666666,
              "#ed7953"
             ],
             [
              0.7777777777777778,
              "#fb9f3a"
             ],
             [
              0.8888888888888888,
              "#fdca26"
             ],
             [
              1,
              "#f0f921"
             ]
            ],
            "type": "histogram2d"
           }
          ],
          "histogram2dcontour": [
           {
            "colorbar": {
             "outlinewidth": 0,
             "ticks": ""
            },
            "colorscale": [
             [
              0,
              "#0d0887"
             ],
             [
              0.1111111111111111,
              "#46039f"
             ],
             [
              0.2222222222222222,
              "#7201a8"
             ],
             [
              0.3333333333333333,
              "#9c179e"
             ],
             [
              0.4444444444444444,
              "#bd3786"
             ],
             [
              0.5555555555555556,
              "#d8576b"
             ],
             [
              0.6666666666666666,
              "#ed7953"
             ],
             [
              0.7777777777777778,
              "#fb9f3a"
             ],
             [
              0.8888888888888888,
              "#fdca26"
             ],
             [
              1,
              "#f0f921"
             ]
            ],
            "type": "histogram2dcontour"
           }
          ],
          "mesh3d": [
           {
            "colorbar": {
             "outlinewidth": 0,
             "ticks": ""
            },
            "type": "mesh3d"
           }
          ],
          "parcoords": [
           {
            "line": {
             "colorbar": {
              "outlinewidth": 0,
              "ticks": ""
             }
            },
            "type": "parcoords"
           }
          ],
          "pie": [
           {
            "automargin": true,
            "type": "pie"
           }
          ],
          "scatter": [
           {
            "fillpattern": {
             "fillmode": "overlay",
             "size": 10,
             "solidity": 0.2
            },
            "type": "scatter"
           }
          ],
          "scatter3d": [
           {
            "line": {
             "colorbar": {
              "outlinewidth": 0,
              "ticks": ""
             }
            },
            "marker": {
             "colorbar": {
              "outlinewidth": 0,
              "ticks": ""
             }
            },
            "type": "scatter3d"
           }
          ],
          "scattercarpet": [
           {
            "marker": {
             "colorbar": {
              "outlinewidth": 0,
              "ticks": ""
             }
            },
            "type": "scattercarpet"
           }
          ],
          "scattergeo": [
           {
            "marker": {
             "colorbar": {
              "outlinewidth": 0,
              "ticks": ""
             }
            },
            "type": "scattergeo"
           }
          ],
          "scattergl": [
           {
            "marker": {
             "colorbar": {
              "outlinewidth": 0,
              "ticks": ""
             }
            },
            "type": "scattergl"
           }
          ],
          "scattermapbox": [
           {
            "marker": {
             "colorbar": {
              "outlinewidth": 0,
              "ticks": ""
             }
            },
            "type": "scattermapbox"
           }
          ],
          "scatterpolar": [
           {
            "marker": {
             "colorbar": {
              "outlinewidth": 0,
              "ticks": ""
             }
            },
            "type": "scatterpolar"
           }
          ],
          "scatterpolargl": [
           {
            "marker": {
             "colorbar": {
              "outlinewidth": 0,
              "ticks": ""
             }
            },
            "type": "scatterpolargl"
           }
          ],
          "scatterternary": [
           {
            "marker": {
             "colorbar": {
              "outlinewidth": 0,
              "ticks": ""
             }
            },
            "type": "scatterternary"
           }
          ],
          "surface": [
           {
            "colorbar": {
             "outlinewidth": 0,
             "ticks": ""
            },
            "colorscale": [
             [
              0,
              "#0d0887"
             ],
             [
              0.1111111111111111,
              "#46039f"
             ],
             [
              0.2222222222222222,
              "#7201a8"
             ],
             [
              0.3333333333333333,
              "#9c179e"
             ],
             [
              0.4444444444444444,
              "#bd3786"
             ],
             [
              0.5555555555555556,
              "#d8576b"
             ],
             [
              0.6666666666666666,
              "#ed7953"
             ],
             [
              0.7777777777777778,
              "#fb9f3a"
             ],
             [
              0.8888888888888888,
              "#fdca26"
             ],
             [
              1,
              "#f0f921"
             ]
            ],
            "type": "surface"
           }
          ],
          "table": [
           {
            "cells": {
             "fill": {
              "color": "#EBF0F8"
             },
             "line": {
              "color": "white"
             }
            },
            "header": {
             "fill": {
              "color": "#C8D4E3"
             },
             "line": {
              "color": "white"
             }
            },
            "type": "table"
           }
          ]
         },
         "layout": {
          "annotationdefaults": {
           "arrowcolor": "#2a3f5f",
           "arrowhead": 0,
           "arrowwidth": 1
          },
          "autotypenumbers": "strict",
          "coloraxis": {
           "colorbar": {
            "outlinewidth": 0,
            "ticks": ""
           }
          },
          "colorscale": {
           "diverging": [
            [
             0,
             "#8e0152"
            ],
            [
             0.1,
             "#c51b7d"
            ],
            [
             0.2,
             "#de77ae"
            ],
            [
             0.3,
             "#f1b6da"
            ],
            [
             0.4,
             "#fde0ef"
            ],
            [
             0.5,
             "#f7f7f7"
            ],
            [
             0.6,
             "#e6f5d0"
            ],
            [
             0.7,
             "#b8e186"
            ],
            [
             0.8,
             "#7fbc41"
            ],
            [
             0.9,
             "#4d9221"
            ],
            [
             1,
             "#276419"
            ]
           ],
           "sequential": [
            [
             0,
             "#0d0887"
            ],
            [
             0.1111111111111111,
             "#46039f"
            ],
            [
             0.2222222222222222,
             "#7201a8"
            ],
            [
             0.3333333333333333,
             "#9c179e"
            ],
            [
             0.4444444444444444,
             "#bd3786"
            ],
            [
             0.5555555555555556,
             "#d8576b"
            ],
            [
             0.6666666666666666,
             "#ed7953"
            ],
            [
             0.7777777777777778,
             "#fb9f3a"
            ],
            [
             0.8888888888888888,
             "#fdca26"
            ],
            [
             1,
             "#f0f921"
            ]
           ],
           "sequentialminus": [
            [
             0,
             "#0d0887"
            ],
            [
             0.1111111111111111,
             "#46039f"
            ],
            [
             0.2222222222222222,
             "#7201a8"
            ],
            [
             0.3333333333333333,
             "#9c179e"
            ],
            [
             0.4444444444444444,
             "#bd3786"
            ],
            [
             0.5555555555555556,
             "#d8576b"
            ],
            [
             0.6666666666666666,
             "#ed7953"
            ],
            [
             0.7777777777777778,
             "#fb9f3a"
            ],
            [
             0.8888888888888888,
             "#fdca26"
            ],
            [
             1,
             "#f0f921"
            ]
           ]
          },
          "colorway": [
           "#636efa",
           "#EF553B",
           "#00cc96",
           "#ab63fa",
           "#FFA15A",
           "#19d3f3",
           "#FF6692",
           "#B6E880",
           "#FF97FF",
           "#FECB52"
          ],
          "font": {
           "color": "#2a3f5f"
          },
          "geo": {
           "bgcolor": "white",
           "lakecolor": "white",
           "landcolor": "#E5ECF6",
           "showlakes": true,
           "showland": true,
           "subunitcolor": "white"
          },
          "hoverlabel": {
           "align": "left"
          },
          "hovermode": "closest",
          "mapbox": {
           "style": "light"
          },
          "paper_bgcolor": "white",
          "plot_bgcolor": "#E5ECF6",
          "polar": {
           "angularaxis": {
            "gridcolor": "white",
            "linecolor": "white",
            "ticks": ""
           },
           "bgcolor": "#E5ECF6",
           "radialaxis": {
            "gridcolor": "white",
            "linecolor": "white",
            "ticks": ""
           }
          },
          "scene": {
           "xaxis": {
            "backgroundcolor": "#E5ECF6",
            "gridcolor": "white",
            "gridwidth": 2,
            "linecolor": "white",
            "showbackground": true,
            "ticks": "",
            "zerolinecolor": "white"
           },
           "yaxis": {
            "backgroundcolor": "#E5ECF6",
            "gridcolor": "white",
            "gridwidth": 2,
            "linecolor": "white",
            "showbackground": true,
            "ticks": "",
            "zerolinecolor": "white"
           },
           "zaxis": {
            "backgroundcolor": "#E5ECF6",
            "gridcolor": "white",
            "gridwidth": 2,
            "linecolor": "white",
            "showbackground": true,
            "ticks": "",
            "zerolinecolor": "white"
           }
          },
          "shapedefaults": {
           "line": {
            "color": "#2a3f5f"
           }
          },
          "ternary": {
           "aaxis": {
            "gridcolor": "white",
            "linecolor": "white",
            "ticks": ""
           },
           "baxis": {
            "gridcolor": "white",
            "linecolor": "white",
            "ticks": ""
           },
           "bgcolor": "#E5ECF6",
           "caxis": {
